    2   'Bg'    0.925751    0.258697
    3   'Cg'   -0.120874    0.359862
    7   'Aprig'    0.757657    0.134558
    8   'Bprig'    3.910679    4.958492
    9   'Cprig'   -0.763087    0.031263
   10   'Dprig'   20.510381    2.666811
   11   'Auv'    0.000000    0.000000
   12   'Buv'    0.000000    0.000000
   21   'Adv'    0.000000    0.000000
   22   'Bdv'    0.000000    0.000000
   41   'AUbar'    0.119292    0.208153
   42   'BDbar'   -0.329825    0.291259
   43   'CDbar'  126.655299   73.729675
  101   'alphas'    0.118000    0.000000
  102   'fs'    0.400000    0.000000
  103   'fcharm'    0.000000    0.000000
