    2   'Bg'    0.320789    0.389334
    3   'Cg'   -0.624163    0.199792
    7   'Aprig'    1.055289    0.268630
    8   'Bprig'   -0.682972    0.060622
    9   'Cprig'    7.817952   34.630910
   10   'Dprig'   25.830186    9.320511
   11   'Auv'    0.000000    0.000000
   12   'Buv'    0.000000    0.000000
   21   'Adv'    0.000000    0.000000
   22   'Bdv'    0.000000    0.000000
   41   'AUbar'    0.121477    0.013894
   42   'BDbar'   -0.072610    0.074752
   43   'CDbar'   -0.642044    0.366336
  101   'alphas'    0.118000    0.000000
  102   'fs'    0.400000    0.000000
  103   'fcharm'    0.000000    0.000000
