    2   'Bg'   28.949885   25.653971
    3   'Cg'   -0.999394    0.001853
    7   'Aprig'    6.439821   19.727233
    8   'Bprig'   -0.988203    0.010690
    9   'Cprig'  138.175498 1608.372114
   10   'Dprig'  139.081824  428.438068
   11   'Auv'    0.000000    0.000000
   12   'Buv'    0.000000    0.000000
   21   'Adv'    0.000000    0.000000
   22   'Bdv'    0.000000    0.000000
   41   'AUbar'    0.245986    0.106976
   42   'BDbar'   -0.311750    0.204116
   43   'CDbar'   14.754164   32.399503
  101   'alphas'    0.118000    0.000000
  102   'fs'    0.400000    0.000000
  103   'fcharm'    0.000000    0.000000
