           1
        4041
 Starting scale only                                                             
Plot1@Experiment:StartingScaleOnly @ExtraLabel:#gamma#gamma #rightarrow X @XTitle: x @YTitle: F_{2}^{#gamma} @Title:Q^{2} = 17.3 @Xlog
 Q2          x           dummy          data      +- uncor     +- tot     th orig         th mod   therr+         therr-     pull    iset       iplot
 0.17300E+02 0.65000E-02 0.00000E+00 0.43000E+00 0.17077E-01 0.16358E+00 0.40483E+00 0.39818E+00 0.00000E+00 0.00000E+00 0.18632E+01 4041   1/0.65000E-02
 0.17300E+02 0.22400E-01 0.00000E+00 0.27000E+00 0.17835E-01 0.70987E-01 0.36212E+00 0.35809E+00 0.00000E+00 0.00000E+00 -.49391E+01 4041   1/0.22400E-01
 0.17300E+02 0.56250E-01 0.00000E+00 0.35000E+00 0.16926E-01 0.60285E-01 0.36829E+00 0.36564E+00 0.00000E+00 0.00000E+00 -.92387E+00 4041   1/0.56250E-01
 0.17300E+02 0.11370E+00 0.00000E+00 0.35000E+00 0.17835E-01 0.42898E-01 0.40893E+00 0.40692E+00 0.00000E+00 0.00000E+00 -.31917E+01 4041   1/0.11370E+00
 0.17300E+02 0.19580E+00 0.00000E+00 0.39000E+00 0.18010E-01 0.51203E-01 0.40838E+00 0.40619E+00 0.00000E+00 0.00000E+00 -.89905E+00 4041   1/0.19580E+00
 0.17300E+02 0.30265E+00 0.00000E+00 0.46000E+00 0.18178E-01 0.61270E-01 0.38774E+00 0.38561E+00 0.00000E+00 0.00000E+00 0.40921E+01 4041   1/0.30265E+00
 0.17300E+02 0.43489E+00 0.00000E+00 0.40000E+00 0.21988E-01 0.21198E+00 0.36242E+00 0.35413E+00 0.00000E+00 0.00000E+00 0.20861E+01 4041   1/0.43489E+00
 0.17300E+02 0.60369E+00 0.00000E+00 0.18000E+00 0.22265E-01 0.33300E+00 0.20427E+00 0.18789E+00 0.00000E+00 0.00000E+00 -.35440E+00 4041   1/0.60369E+00
