    2   'Bg'    0.448916    0.187844
    3   'Cg'   -0.853274    0.034934
    7   'Aprig'    1.430452    0.471240
    8   'Bprig'   -0.745464    0.032595
    9   'Cprig'  131.494920   37.122147
   10   'Dprig'   32.994656    6.424176
   11   'Auv'    0.000000    0.000000
   12   'Buv'    0.000000    0.000000
   21   'Adv'    0.000000    0.000000
   22   'Bdv'    0.000000    0.000000
   41   'AUbar'    0.198386    0.086889
   42   'BDbar'   -0.231574    0.084757
   43   'CDbar'  132.281731   45.424370
  101   'alphas'    0.118000    0.000000
  102   'fs'    0.400000    0.000000
  103   'fcharm'    0.000000    0.000000
