    2   'Bg'   10.569860    7.626639
    3   'Cg'    5.457896    4.289054
    7   'Aprig'  -15.144856    5.100759
    8   'Bprig'   -0.492804    0.051024
    9   'Cprig'  104.920611   69.880047
   10   'Dprig'   33.226702   15.262777
   11   'Auv'    0.000000    0.000000
   12   'Buv'    0.000000    0.000000
   21   'Adv'    0.000000    0.000000
   22   'Bdv'    0.000000    0.000000
   41   'AUbar'    0.131306    0.024886
   42   'BDbar'   -0.233355    0.056899
   43   'CDbar'    0.708440    2.849633
  101   'alphas'    0.118000    0.000000
  102   'fs'    0.400000    0.000000
  103   'fcharm'    0.000000    0.000000
