    2   'Bg'    0.155141    0.264962
    3   'Cg'   -0.001581    0.314256
    7   'Aprig'    1.006012    0.395820
    8   'Bprig'   -0.444621    0.257119
    9   'Cprig'    6.427003   41.586374
   10   'Dprig'   24.925997   10.905431
   11   'Auv'    0.000000    0.000000
   12   'Buv'    0.000000    0.000000
   21   'Adv'    0.000000    0.000000
   22   'Bdv'    0.000000    0.000000
   41   'AUbar'    0.107638    0.034098
   42   'BDbar'    0.104864    0.189874
   43   'CDbar'   -0.273427    0.864716
  101   'alphas'    0.118000    0.000000
  102   'fs'    0.400000    0.000000
  103   'fcharm'    0.000000    0.000000
