    2   'Bg'   -0.028319   26.605366
    3   'Cg'    0.813357   25.164613
    7   'Aprig'    1.018452   32.955165
    8   'Bprig'   -0.355239    8.245339
    9   'Cprig'    9.295399  456.680977
   10   'Dprig'   25.084640  452.848093
   11   'Auv'    0.000000    0.000000
   12   'Buv'    0.000000    0.000000
   21   'Adv'    0.000000    0.000000
   22   'Bdv'    0.000000    0.000000
   41   'AUbar'    0.117065    0.639490
   42   'BDbar'   -0.034746    7.391622
   43   'CDbar'   -0.555446    7.436196
  101   'alphas'    0.118000    0.000000
  102   'fs'    0.400000    0.000000
  103   'fcharm'    0.000000    0.000000
