    2   'Bg'   23.185251    0.841320
    3   'Cg'   -1.997096    0.007102
    7   'Aprig'    0.981092    0.201104
    8   'Bprig'   -0.986752    0.408980
    9   'Cprig'   -2.509554    0.007004
   10   'Dprig'   13.116380    0.446563
   11   'Auv'    0.000000    0.000000
   12   'Buv'    0.000000    0.000000
   21   'Adv'    0.000000    0.000000
   22   'Bdv'    0.000000    0.000000
   41   'AUbar'    0.294676    0.046552
   42   'BDbar'   -0.987901    0.077715
   43   'CDbar'   40.582229 1840.007542
  101   'alphas'    0.118000    0.000000
  102   'fs'    0.400000    0.000000
  103   'fcharm'    0.000000    0.000000
