    2   'Bg'   -0.589004    1.040405
    3   'Cg'   -0.881064    0.361496
    7   'Aprig'    1.679201    0.561992
    8   'Bprig'   -0.927767    0.019107
    9   'Cprig'   27.640208  131.107823
   10   'Dprig'   34.510930   74.143934
   11   'Auv'    0.000000    0.000000
   12   'Buv'    0.000000    0.000000
   21   'Adv'    0.000000    0.000000
   22   'Bdv'    0.000000    0.000000
   41   'AUbar'    1.972162    0.740338
   42   'BDbar'    5.793436    2.836698
   43   'CDbar'   -0.827565    0.047984
  101   'alphas'    0.118000    0.000000
  102   'fs'    0.400000    0.000000
  103   'fcharm'    0.000000    0.000000
