    2   'Bg'    1.057683    0.278626
    3   'Cg'    0.941783    0.227010
    7   'Aprig'    0.717977    0.311699
    8   'Bprig'   -0.865914    0.024841
    9   'Cprig'   68.112199   69.277814
   10   'Dprig'   22.433666    2.852691
   11   'Auv'    0.000000    0.000000
   12   'Buv'    0.000000    0.000000
   21   'Adv'    0.000000    0.000000
   22   'Bdv'    0.000000    0.000000
   41   'AUbar'    2.298116    0.436230
   42   'BDbar'   -0.735894    0.021525
   43   'CDbar'  147.318053  951.490372
  101   'alphas'    0.118000    0.000000
  102   'fs'    0.400000    0.000000
  103   'fcharm'    0.000000    0.000000
