           1
        4043
 Starting scale only                                                             
Plot1@Experiment:StartingScaleOnly @ExtraLabel:#gamma#gamma #rightarrow X @XTitle: x @YTitle: F_{2}^{#gamma} @Title:Q^{2} = 3.7 @Xlog
 Q2          x           dummy          data      +- uncor     +- tot     th orig         th mod   therr+         therr-     pull    iset       iplot
 0.37000E+01 0.11000E-01 0.00000E+00 0.35000E+00 0.25905E-01 0.11785E+00 0.21568E+00 0.29488E+00 0.00000E+00 0.00000E+00 0.21278E+01 4043   1/0.11000E-01
 0.37000E+01 0.28000E-01 0.00000E+00 0.29000E+00 0.29731E-01 0.91044E-01 0.23540E+00 0.31364E+00 0.00000E+00 0.00000E+00 -.79518E+00 4043   1/0.28000E-01
 0.37000E+01 0.63000E-01 0.00000E+00 0.32000E+00 0.19746E-01 0.88792E-01 0.25779E+00 0.32251E+00 0.00000E+00 0.00000E+00 -.12694E+00 4043   1/0.63000E-01
 0.37000E+01 0.14100E+00 0.00000E+00 0.32000E+00 0.30523E-01 0.95336E-01 0.27376E+00 0.32874E+00 0.00000E+00 0.00000E+00 -.28630E+00 4043   1/0.14100E+00
 0.37000E+01 0.32000E-02 0.00000E+00 0.26900E+00 0.29381E-01 0.67939E-01 0.17623E+00 0.21096E+00 0.00000E+00 0.00000E+00 0.19754E+01 4043   1/0.32000E-02
 0.37000E+01 0.14300E-01 0.00000E+00 0.23200E+00 0.13928E-01 0.34271E-01 0.22007E+00 0.25208E+00 0.00000E+00 0.00000E+00 -.14414E+01 4043   1/0.14300E-01
 0.37000E+01 0.63900E-01 0.00000E+00 0.25900E+00 0.10981E-01 0.18055E-01 0.25812E+00 0.27894E+00 0.00000E+00 0.00000E+00 -.18154E+01 4043   1/0.63900E-01
 0.37000E+01 0.19860E+00 0.00000E+00 0.29600E+00 0.14183E-01 0.39524E-01 0.25107E+00 0.28105E+00 0.00000E+00 0.00000E+00 0.10538E+01 4043   1/0.19860E+00
