    2   'Bg'    0.281424    5.888237
    3   'Cg'   -0.858194    0.058176
    7   'Aprig'    0.453507    0.158697
    8   'Bprig'   -0.842974    0.019000
    9   'Cprig'   37.855200   12.690378
   10   'Dprig'   23.334371    7.114821
   11   'Auv'    0.000000    0.000000
   12   'Buv'    0.000000    0.000000
   21   'Adv'    0.000000    0.000000
   22   'Bdv'    0.000000    0.000000
   41   'AUbar'    0.365115    0.030390
   42   'BDbar'    0.040497    0.082539
   43   'CDbar'  157.721849  758.363266
  101   'alphas'    0.118000    0.000000
  102   'fs'    0.400000    0.000000
  103   'fcharm'    0.000000    0.000000
