           1
        4041
 Starting scale only                                                             
Plot1@Experiment:StartingScaleOnly @ExtraLabel:#gamma#gamma #rightarrow X @XTitle: x @YTitle: F_{2}^{#gamma} @Title:Q^{2} = 12.5 @Xlog
 Q2          x           dummy          data      +- uncor     +- tot     th orig         th mod   therr+         therr-     pull    iset       iplot
 0.12500E+02 0.13000E-01 0.00000E+00 0.30200E+00 0.21651E-01 0.39452E-01 0.69232E+00 0.21607E+00 0.00000E+00 0.00000E+00 0.39687E+01 4041   1/0.13000E-01
 0.12500E+02 0.31000E-01 0.00000E+00 0.24500E+00 0.25805E-01 0.32069E-01 0.11143E+01 0.35114E+00 0.00000E+00 0.00000E+00 -.41131E+01 4041   1/0.31000E-01
 0.12500E+02 0.50000E-01 0.00000E+00 0.25700E+00 0.28570E-01 0.34705E-01 0.14328E+01 0.40823E+00 0.00000E+00 0.00000E+00 -.52933E+01 4041   1/0.50000E-01
 0.12500E+02 0.75000E-01 0.00000E+00 0.29600E+00 0.31857E-01 0.41740E-01 0.17240E+01 0.42095E+00 0.00000E+00 0.00000E+00 -.39223E+01 4041   1/0.75000E-01
 0.12500E+02 0.10000E+00 0.00000E+00 0.31500E+00 0.37182E-01 0.47460E-01 0.21296E+01 0.40100E+00 0.00000E+00 0.00000E+00 -.23128E+01 4041   1/0.10000E+00
 0.12500E+02 0.14000E+00 0.00000E+00 0.36500E+00 0.42924E-01 0.56216E-01 0.24701E+01 0.41533E+00 0.00000E+00 0.00000E+00 -.11724E+01 4041   1/0.14000E+00
 0.12500E+02 0.18000E+00 0.00000E+00 0.39900E+00 0.48295E-01 0.63621E-01 0.26613E+01 0.36964E+00 0.00000E+00 0.00000E+00 0.60786E+00 4041   1/0.18000E+00
 0.12500E+02 0.23000E+00 0.00000E+00 0.44100E+00 0.49520E-01 0.72070E-01 0.27585E+01 0.30949E+00 0.00000E+00 0.00000E+00 0.26557E+01 4041   1/0.23000E+00
 0.12500E+02 0.29000E+00 0.00000E+00 0.48300E+00 0.51970E-01 0.79473E-01 0.26953E+01 0.28754E+00 0.00000E+00 0.00000E+00 0.37610E+01 4041   1/0.29000E+00
 0.12500E+02 0.36000E+00 0.00000E+00 0.53600E+00 0.53523E-01 0.87190E-01 0.23988E+01 0.28900E+00 0.00000E+00 0.00000E+00 0.46148E+01 4041   1/0.36000E+00
