    2   'Bg'    2.045694    0.255850
    3   'Cg'   -0.652198    0.760251
    7   'Aprig'    1.000000    0.673453
    8   'Bprig'   -0.958562    0.002762
    9   'Cprig'  144.888951   32.438555
   10   'Dprig'   25.000000   15.868750
   11   'Auv'    0.000000    0.000000
   12   'Buv'    0.000000    0.000000
   21   'Adv'    0.000000    0.000000
   22   'Bdv'    0.000000    0.000000
   41   'AUbar'    0.100000    0.028138
   42   'BDbar'   -0.186261    0.115061
   43   'CDbar'   10.000000    7.787134
  101   'alphas'    0.118000    0.000000
  102   'fs'    0.400000    0.000000
  103   'fcharm'    0.000000    0.000000
