    2   'Bg'    1.834835    0.000188
    3   'Cg'   -1.649235    1.414422
    7   'Aprig'   -1.486293    1.351338
    8   'Bprig'   -0.812331    0.297688
    9   'Cprig'    6.286190    1.404776
   10   'Dprig'   -8.541926    1.411502
   11   'Auv'    0.000000    0.000000
   12   'Buv'    0.000000    0.000000
   21   'Adv'    0.000000    0.000000
   22   'Bdv'    0.000000    0.000000
   41   'AUbar'    1.451842    0.175055
   42   'BDbar'    0.273344    0.057460
   43   'CDbar'   37.103394    1.411315
  101   'alphas'    0.118000    0.000000
  102   'fs'    0.400000    0.000000
  103   'fcharm'    0.000000    0.000000
