    2   'Bg'    0.258398    0.170646
    3   'Cg'   -0.502852    0.094389
    7   'Aprig'    1.036701    0.224371
    8   'Bprig'   -0.638887    0.058884
    9   'Cprig'   28.945618  998.037624
   10   'Dprig'   25.535133    4.931415
   11   'Auv'    0.000000    0.000000
   12   'Buv'    0.000000    0.000000
   21   'Adv'    0.000000    0.000000
   22   'Bdv'    0.000000    0.000000
   41   'AUbar'    0.121573    0.029018
   42   'BDbar'    0.105809    0.230604
   43   'CDbar'   -0.644421    0.075860
  101   'alphas'    0.118000    0.000000
  102   'fs'    0.400000    0.000000
  103   'fcharm'    0.000000    0.000000
