           1
        4041
 Starting scale only                                                             
Plot1@Experiment:StartingScaleOnly @ExtraLabel:#gamma#gamma #rightarrow X @XTitle: x @YTitle: F_{2}^{#gamma} @Title:Q^{2} = 23.0/23.1 @Xlog
 Q2          x           dummy          data      +- uncor     +- tot     th orig         th mod   therr+         therr-     pull    iset       iplot
 0.23000E+02 0.11000E+00 0.00000E+00 0.36600E+00 0.10822E+00 0.97900E-01 0.44727E+00 0.44727E+00 0.00000E+00 0.00000E+00 -.75092E+00 4041   1/0.11000E+00
 0.23000E+02 0.30000E+00 0.00000E+00 0.67000E+00 0.81134E-01 0.94600E-01 0.49283E+00 0.49283E+00 0.00000E+00 0.00000E+00 0.21837E+01 4041   1/0.30000E+00
 0.23000E+02 0.50000E+00 0.00000E+00 0.72200E+00 0.11232E+00 0.11440E+00 0.69597E+00 0.69597E+00 0.00000E+00 0.00000E+00 0.23175E+00 4041   1/0.50000E+00
 0.23000E+02 0.70000E+00 0.00000E+00 0.69300E+00 0.12649E+00 0.12760E+00 0.68096E+00 0.68096E+00 0.00000E+00 0.00000E+00 0.95224E-01 4041   1/0.70000E+00
 0.23000E+02 0.90000E+00 0.00000E+00 0.40700E+00 0.26754E+00 0.24200E+00 0.49745E+00 0.49745E+00 0.00000E+00 0.00000E+00 -.33809E+00 4041   1/0.90000E+00
 0.23100E+02 0.55000E-01 0.00000E+00 0.40000E+00 0.33109E-01 0.48877E-01 0.40266E+00 0.38700E+00 0.00000E+00 0.00000E+00 0.39254E+00 4041   1/0.55000E-01
 0.23100E+02 0.15000E+00 0.00000E+00 0.44000E+00 0.45147E-01 0.59464E-01 0.46323E+00 0.46323E+00 0.00000E+00 0.00000E+00 -.51456E+00 4041   1/0.15000E+00
 0.23100E+02 0.25000E+00 0.00000E+00 0.47000E+00 0.55926E-01 0.59372E-01 0.48595E+00 0.47791E+00 0.00000E+00 0.00000E+00 -.14146E+00 4041   1/0.25000E+00
 0.23100E+02 0.40000E+00 0.00000E+00 0.44000E+00 0.59938E-01 0.13276E+00 0.52256E+00 0.47638E+00 0.00000E+00 0.00000E+00 -.60698E+00 4041   1/0.40000E+00
