    2   'Bg'   91.136114    1.413966
    3   'Cg'   -0.981129    0.369850
    7   'Aprig'    4.644272    1.414079
    8   'Bprig'   -0.966830    0.562940
    9   'Cprig'  103.394224    1.414174
   10   'Dprig'   46.423980    1.414174
   11   'Auv'    0.000000    0.000000
   12   'Buv'    0.000000    0.000000
   21   'Adv'    0.000000    0.000000
   22   'Bdv'    0.000000    0.000000
   41   'AUbar'    0.940365    0.199564
   42   'BDbar'    0.078241    0.084398
   43   'CDbar'   82.072271    1.414220
  101   'alphas'    0.118000    0.000000
  102   'fs'    0.400000    0.000000
  103   'fcharm'    0.000000    0.000000
