    2   'Bg'   16.475898   38.583573
    3   'Cg'   -0.999053    0.002496
    7   'Aprig'    2.490147    6.480183
    8   'Bprig'   -0.714230    3.410627
    9   'Cprig'   -0.998115    0.004844
   10   'Dprig'   26.831766   72.665280
   11   'Auv'    0.000000    0.000000
   12   'Buv'    0.000000    0.000000
   21   'Adv'    0.000000    0.000000
   22   'Bdv'    0.000000    0.000000
   41   'AUbar'    0.167168    0.134109
   42   'BDbar'   -0.083350    0.348187
   43   'CDbar'   -0.716017    3.162190
  101   'alphas'    0.118000    0.000000
  102   'fs'    0.400000    0.000000
  103   'fcharm'    0.000000    0.000000
