    2   'Bg'    5.980364    1.394987
    3   'Cg'   -0.995385    0.005240
    7   'Aprig'   -0.414345    1.414213
    8   'Bprig'   12.772352    1.414213
    9   'Cprig'    4.853758    0.008384
   10   'Dprig'   68.941782    1.414295
   11   'Auv'    0.000000    0.000000
   12   'Buv'    0.000000    0.000000
   21   'Adv'    0.000000    0.000000
   22   'Bdv'    0.000000    0.000000
   41   'AUbar'    0.124059    0.030945
   42   'BDbar'   -0.227484    0.118563
   43   'CDbar'   -0.999408    0.000511
  101   'alphas'    0.118000    0.000000
  102   'fs'    0.400000    0.000000
  103   'fcharm'    0.000000    0.000000
