    2   'Bg'    1.380668    5.040996
    3   'Cg'   -0.757678    0.787698
    7   'Aprig'    0.979898    2.337513
    8   'Bprig'   -0.849958    0.231044
    9   'Cprig'   27.789432  450.800304
   10   'Dprig'   24.500373   55.005385
   11   'Auv'    0.000000    0.000000
   12   'Buv'    0.000000    0.000000
   21   'Adv'    0.000000    0.000000
   22   'Bdv'    0.000000    0.000000
   41   'AUbar'    0.081626    1.240470
   42   'BDbar'   15.486585  565.701397
   43   'CDbar'   -0.836174    1.606812
  101   'alphas'    0.118000    0.000000
  102   'fs'    0.400000    0.000000
  103   'fcharm'    0.000000    0.000000
