    2   'Bg'    1.702841 1668.843843
    3   'Cg'   -1.036144    1.414214
    7   'Aprig'************    0.999955
    8   'Bprig'   53.318809    1.414214
    9   'Cprig'  106.823731    1.414214
   10   'Dprig'   16.401138************
   11   'Auv'    0.000000    0.000000
   12   'Buv'    0.000000    0.000000
   21   'Adv'    0.000000    0.000000
   22   'Bdv'    0.000000    0.000000
   41   'AUbar'    0.797609    0.101416
   42   'BDbar'    0.229021    0.053498
   43   'CDbar'    1.454520    1.594373
  101   'alphas'    0.118000    0.000000
  102   'fs'    0.400000    0.000000
  103   'fcharm'    0.000000    0.000000
