    2   'Bg'    0.254632    0.389742
    3   'Cg'   -0.819290    0.099965
    7   'Aprig'    1.021911    0.409718
    8   'Bprig'   -0.859715    0.055115
    9   'Cprig'   54.965051  880.401980
   10   'Dprig'   25.653304    9.188404
   11   'Auv'    0.000000    0.000000
   12   'Buv'    0.000000    0.000000
   21   'Adv'    0.000000    0.000000
   22   'Bdv'    0.000000    0.000000
   41   'AUbar'    0.157085    0.214200
   42   'BDbar'    0.495004    0.613613
   43   'CDbar'   12.480065   33.631594
  101   'alphas'    0.118000    0.000000
  102   'fs'    0.400000    0.000000
  103   'fcharm'    0.000000    0.000000
