    2   'Bg'    4.864482    1.558087
    3   'Cg'   -0.941655    0.020232
    7   'Aprig'    1.022909    0.280424
    8   'Bprig'   -0.943115    0.012970
    9   'Cprig'   22.262871  108.144413
   10   'Dprig'   25.921389    8.713549
   11   'Auv'    0.000000    0.000000
   12   'Buv'    0.000000    0.000000
   21   'Adv'    0.000000    0.000000
   22   'Bdv'    0.000000    0.000000
   41   'AUbar'    0.078685    0.047613
   42   'BDbar'   -0.931539    0.071921
   43   'CDbar'   15.864512  111.807730
  101   'alphas'    0.118000    0.000000
  102   'fs'    0.400000    0.000000
  103   'fcharm'    0.000000    0.000000
