    2   'Bg'    3.884100   61.252776
    3   'Cg'    0.576639   26.183144
    7   'Aprig'    0.915780   57.428381
    8   'Bprig'   -0.031582   15.676867
    9   'Cprig'    6.847009  301.594547
   10   'Dprig'   33.325344  212.910945
   11   'Auv'    0.000000    0.000000
   12   'Buv'    0.000000    0.000000
   21   'Adv'    0.000000    0.000000
   22   'Bdv'    0.000000    0.000000
   41   'AUbar'    0.304854    1.361989
   42   'BDbar'    1.760852    6.798460
   43   'CDbar'  144.785090************
  101   'alphas'    0.118000    0.000000
  102   'fs'    0.400000    0.000000
  103   'fcharm'    0.000000    0.000000
