    2   'Bg'   -0.324366    0.119151
    3   'Cg'    0.222720    0.173279
    7   'Aprig'   -4.675904   18.358562
    8   'Bprig'   -0.190776    0.725913
    9   'Cprig'  169.565854 1100.896330
   10   'Dprig'  121.700920   11.634916
   11   'Auv'    0.000000    0.000000
   12   'Buv'    0.000000    0.000000
   21   'Adv'    0.000000    0.000000
   22   'Bdv'    0.000000    0.000000
   41   'AUbar'    0.047062    0.006838
   42   'BDbar'   -0.958449    0.005024
   43   'CDbar'   -0.915435    0.027629
  101   'alphas'    0.118000    0.000000
  102   'fs'    0.400000    0.000000
  103   'fcharm'    0.000000    0.000000
