    2   'Bg'  116.813234    1.414119
    3   'Cg'   39.729849    1.413392
    7   'Aprig'    2.534289    1.413314
    8   'Bprig'   -0.259773    0.304051
    9   'Cprig'   87.840659    1.414208
   10   'Dprig'   48.744034    1.413873
   11   'Auv'    0.000000    0.000000
   12   'Buv'    0.000000    0.000000
   21   'Adv'    0.000000    0.000000
   22   'Bdv'    0.000000    0.000000
   41   'AUbar'    0.877381    0.578289
   42   'BDbar'    0.966972    1.160501
   43   'CDbar'  147.703186    1.414213
  101   'alphas'    0.118000    0.000000
  102   'fs'    0.400000    0.000000
  103   'fcharm'    0.000000    0.000000
