    2   'Bg'    0.095048    0.462606
    3   'Cg'   -0.736894    0.297789
    7   'Aprig'    0.357141    0.273566
    8   'Bprig'   -0.845354    0.118483
    9   'Cprig'   18.382984  568.200485
   10   'Dprig'   25.571813   14.298536
   11   'Auv'    0.000000    0.000000
   12   'Buv'    0.000000    0.000000
   21   'Adv'    0.000000    0.000000
   22   'Bdv'    0.000000    0.000000
   41   'AUbar'    0.124139    0.932714
   42   'BDbar'    0.254218    1.552422
   43   'CDbar'   11.692535   42.980728
  101   'alphas'    0.118000    0.000000
  102   'fs'    0.400000    0.000000
  103   'fcharm'    0.000000    0.000000
