    2   'Bg'   -5.324251    0.602825
    3   'Cg'    7.320017    9.929529
    7   'Aprig'   -4.512557 4406.767298
    8   'Bprig'    0.052877   52.478476
    9   'Cprig'   20.236696 2300.812140
   10   'Dprig'   17.500103   26.352648
   11   'Auv'    0.000000    0.000000
   12   'Buv'    0.000000    0.000000
   21   'Adv'    0.000000    0.000000
   22   'Bdv'    0.000000    0.000000
   41   'AUbar'    0.233710    0.088925
   42   'BDbar'   -0.199511    0.094006
   43   'CDbar'   -0.971705    0.035500
  101   'alphas'    0.118000    0.000000
  102   'fs'    0.400000    0.000000
  103   'fcharm'    0.000000    0.000000
