    2   'Bg'   34.515911    1.414094
    3   'Cg'    1.539697    1.383818
    7   'Aprig'    0.768515    1.401008
    8   'Bprig'   -0.752966    0.242420
    9   'Cprig'   42.197129    1.414207
   10   'Dprig'   20.671743    1.414172
   11   'Auv'    0.000000    0.000000
   12   'Buv'    0.000000    0.000000
   21   'Adv'    0.000000    0.000000
   22   'Bdv'    0.000000    0.000000
   41   'AUbar'    0.988449    1.132733
   42   'BDbar'    0.880133    1.317643
   43   'CDbar'   18.689868    1.414214
  101   'alphas'    0.118000    0.000000
  102   'fs'    0.400000    0.000000
  103   'fcharm'    0.000000    0.000000
