    2   'Bg'    0.612625   12.153672
    3   'Cg'   -0.656736    1.902255
    7   'Aprig'    1.119701    1.560012
    8   'Bprig'   -0.755561    0.218286
    9   'Cprig'    7.786531   48.045545
   10   'Dprig'   27.362551   94.497900
   11   'Auv'    0.000000    0.000000
   12   'Buv'    0.000000    0.000000
   21   'Adv'    0.000000    0.000000
   22   'Bdv'    0.000000    0.000000
   41   'AUbar'    0.548643    1.626192
   42   'BDbar'   -0.601415    0.470014
   43   'CDbar'   17.678188  199.994285
  101   'alphas'    0.118000    0.000000
  102   'fs'    0.400000    0.000000
  103   'fcharm'    0.000000    0.000000
