    2   'Bg'    0.275327    0.956279
    3   'Cg'   -0.225381    0.284088
    7   'Aprig'    0.837940    0.089910
    8   'Bprig'   -0.761423    0.014485
    9   'Cprig'   31.282628    9.651313
   10   'Dprig'   23.471794    5.469019
   11   'Auv'    0.000000    0.000000
   12   'Buv'    0.000000    0.000000
   21   'Adv'    0.000000    0.000000
   22   'Bdv'    0.000000    0.000000
   41   'AUbar'    0.132089    0.062045
   42   'BDbar'   -0.129292    0.556512
   43   'CDbar'   53.395300    0.000122
  101   'alphas'    0.118000    0.000000
  102   'fs'    0.400000    0.000000
  103   'fcharm'    0.000000    0.000000
