    2   'Bg'    1.229988   19.118579
    3   'Cg'   -0.983327    0.096072
    7   'Aprig'    1.431426    9.939071
    8   'Bprig'   -0.864295    0.854186
    9   'Cprig'   -0.325930   28.161325
   10   'Dprig'   32.404332  189.917802
   11   'Auv'    0.000000    0.000000
   12   'Buv'    0.000000    0.000000
   21   'Adv'    0.000000    0.000000
   22   'Bdv'    0.000000    0.000000
   41   'AUbar'    0.523921    0.749851
   42   'BDbar'   -0.277089    0.672793
   43   'CDbar'   34.614204  863.163628
  101   'alphas'    0.118000    0.000000
  102   'fs'    0.400000    0.000000
  103   'fcharm'    0.000000    0.000000
