    2   'Bg'    1.083288   14.979865
    3   'Cg'   -0.883856    1.088980
    7   'Aprig'    0.948734   10.310184
    8   'Bprig'   -0.864238    1.413510
    9   'Cprig'   32.627264 1276.968872
   10   'Dprig'   23.960329  231.968759
   11   'Auv'    0.000000    0.000000
   12   'Buv'    0.000000    0.000000
   21   'Adv'    0.000000    0.000000
   22   'Bdv'    0.000000    0.000000
   41   'AUbar'    0.422031    2.039895
   42   'BDbar'    0.574116   11.799047
   43   'CDbar'   24.313450 1088.293360
  101   'alphas'    0.118000    0.000000
  102   'fs'    0.400000    0.000000
  103   'fcharm'    0.000000    0.000000
