    2   'Bg'    0.410087    2.959575
    3   'Cg'    4.322923    7.916067
    7   'Aprig'    2.953759    1.396371
    8   'Bprig'   -0.484354    0.137012
    9   'Cprig'    3.411394    3.990836
   10   'Dprig'   23.307002   22.984176
   11   'Auv'    0.000000    0.000000
   12   'Buv'    0.000000    0.000000
   21   'Adv'    0.000000    0.000000
   22   'Bdv'    0.000000    0.000000
   41   'AUbar'    0.268105    0.078741
   42   'BDbar'   -0.474364    0.265573
   43   'CDbar'   -0.842692    0.049878
  101   'alphas'    0.118000    0.000000
  102   'fs'    0.400000    0.000000
  103   'fcharm'    0.000000    0.000000
