    2   'Bg'    0.100664    0.239263
    3   'Cg'    4.899186    5.922258
    7   'Aprig'    1.000394    0.589376
    8   'Bprig'   -0.138296    0.372062
    9   'Cprig'   24.960478  645.598543
   10   'Dprig'   25.001075    4.688653
   11   'Auv'    0.000000    0.000000
   12   'Buv'    0.000000    0.000000
   21   'Adv'    0.000000    0.000000
   22   'Bdv'    0.000000    0.000000
   41   'AUbar'    0.100112    0.002354
   42   'BDbar'    0.098422    0.046941
   43   'CDbar'   -0.004118    1.771330
  101   'alphas'    0.118000    0.000000
  102   'fs'    0.400000    0.000000
  103   'fcharm'    0.000000    0.000000
