    2   'Bg'    2.976474  124.353765
    3   'Cg'   -0.970025    0.538916
    7   'Aprig'    0.329757    3.579031
    8   'Bprig'   -0.781091    2.398306
    9   'Cprig'    1.726789  114.520508
   10   'Dprig'   24.571813  451.347699
   11   'Auv'    0.000000    0.000000
   12   'Buv'    0.000000    0.000000
   21   'Adv'    0.000000    0.000000
   22   'Bdv'    0.000000    0.000000
   41   'AUbar'    1.239321    0.611696
   42   'BDbar'    0.335187    0.343355
   43   'CDbar'   15.664894   81.142049
  101   'alphas'    0.118000    0.000000
  102   'fs'    0.400000    0.000000
  103   'fcharm'    0.000000    0.000000
