    2   'Bg'    5.256480    1.891408
    3   'Cg'   -0.930149    0.051557
    7   'Aprig'    1.029542    0.809588
    8   'Bprig'   -0.883638    0.512853
    9   'Cprig'   30.254831    1.273879
   10   'Dprig'   25.658134    1.266751
   11   'Auv'    0.000000    0.000000
   12   'Buv'    0.000000    0.000000
   21   'Adv'    0.000000    0.000000
   22   'Bdv'    0.000000    0.000000
   41   'AUbar'    0.594232    1.013910
   42   'BDbar'   -0.362137    0.219727
   43   'CDbar'   35.913225    1.269379
  101   'alphas'    0.118000    0.000000
  102   'fs'    0.400000    0.000000
  103   'fcharm'    0.000000    0.000000
