    2   'Bg'   -0.588025    0.039407
    3   'Cg'   -0.296812    0.008802
    7   'Aprig'    0.969671    0.022924
    8   'Bprig'   -0.732834    0.033841
    9   'Cprig'    2.887520    0.005275
   10   'Dprig'   24.638334    0.005113
   11   'Auv'    0.000000    0.000000
   12   'Buv'    0.000000    0.000000
   21   'Adv'    0.000000    0.000000
   22   'Bdv'    0.000000    0.000000
   41   'AUbar'    0.133320    0.013356
   42   'BDbar'   -0.250791    0.037634
   43   'CDbar'   -0.865082    4.262116
  101   'alphas'    0.118000    0.000000
  102   'fs'    0.400000    0.000000
  103   'fcharm'    0.000000    0.000000
