    2   'Bg'    4.680395    0.496051
    3   'Cg'    4.973257    0.562518
    7   'Aprig'    0.992992    0.094572
    8   'Bprig'   -0.829218    0.015296
    9   'Cprig'    6.009672   55.853609
   10   'Dprig'   24.851204    2.105544
   11   'Auv'    0.000000    0.000000
   12   'Buv'    0.000000    0.000000
   21   'Adv'    0.000000    0.000000
   22   'Bdv'    0.000000    0.000000
   41   'AUbar'    0.100845    1.028493
   42   'BDbar'   -0.079671   11.359225
   43   'CDbar'    9.567459   40.353879
  101   'alphas'    0.118000    0.000000
  102   'fs'    0.400000    0.000000
  103   'fcharm'    0.000000    0.000000
