           1
        4051
 Starting scale only                                                             
Plot1@Experiment:StartingScaleOnly @ExtraLabel:#gamma#gamma #rightarrow X @XTitle: x @YTitle: F_{2}^{#gamma} @Title:Q^{2} = 1.9 @Xlog
 Q2          x           dummy          data      +- uncor     +- tot     th orig         th mod   therr+         therr-     pull    iset       iplot
 0.19000E+01 0.35000E-02 0.00000E+00 0.20800E+00 0.30082E-01 0.29530E-01 0.21585E+00 0.21585E+00 0.00000E+00 0.00000E+00 -.26102E+00 4051   1/0.35000E-02
 0.19000E+01 0.75000E-02 0.00000E+00 0.18900E+00 0.15194E-01 0.15166E-01 0.18971E+00 0.18971E+00 0.00000E+00 0.00000E+00 -.46831E-01 4051   1/0.75000E-02
 0.19000E+01 0.15000E-01 0.00000E+00 0.18400E+00 0.11686E-01 0.11662E-01 0.18475E+00 0.18475E+00 0.00000E+00 0.00000E+00 -.64158E-01 4051   1/0.15000E-01
 0.19000E+01 0.25000E-01 0.00000E+00 0.19200E+00 0.88587E-02 0.90000E-02 0.18602E+00 0.18602E+00 0.00000E+00 0.00000E+00 0.67525E+00 4051   1/0.25000E-01
 0.19000E+01 0.40000E-01 0.00000E+00 0.19600E+00 0.10619E-01 0.10677E-01 0.19386E+00 0.19386E+00 0.00000E+00 0.00000E+00 0.20126E+00 4051   1/0.40000E-01
 0.19000E+01 0.75000E-01 0.00000E+00 0.19600E+00 0.19808E-01 0.19339E-01 0.20562E+00 0.20562E+00 0.00000E+00 0.00000E+00 -.48543E+00 4051   1/0.75000E-01
 0.19000E+01 0.12000E-02 0.00000E+00 0.26900E+00 0.36642E-01 0.37483E-01 0.25706E+00 0.25706E+00 0.00000E+00 0.00000E+00 0.32589E+00 4051   1/0.12000E-02
 0.19000E+01 0.63000E-02 0.00000E+00 0.17700E+00 0.19253E-01 0.18358E-01 0.19468E+00 0.19468E+00 0.00000E+00 0.00000E+00 -.91857E+00 4051   1/0.63000E-02
 0.19000E+01 0.32200E-01 0.00000E+00 0.17900E+00 0.10193E-01 0.98995E-02 0.18978E+00 0.18978E+00 0.00000E+00 0.00000E+00 -.10572E+01 4051   1/0.32200E-01
 0.19000E+01 0.11240E+00 0.00000E+00 0.22700E+00 0.15525E-01 0.15620E-01 0.22423E+00 0.22423E+00 0.00000E+00 0.00000E+00 0.17847E+00 4051   1/0.11240E+00
 0.18600E+01 0.40000E-02 0.00000E+00 0.27000E+00 0.55936E-01 0.67082E-01 0.18773E+00 0.18773E+00 0.00000E+00 0.00000E+00 0.14708E+01 4051   1/0.40000E-02
 0.18600E+01 0.11000E-01 0.00000E+00 0.22000E+00 0.38770E-01 0.44721E-01 0.16534E+00 0.16534E+00 0.00000E+00 0.00000E+00 0.14097E+01 4051   1/0.11000E-01
 0.18600E+01 0.28000E-01 0.00000E+00 0.20000E+00 0.58197E-01 0.63246E-01 0.16934E+00 0.16934E+00 0.00000E+00 0.00000E+00 0.52680E+00 4051   1/0.28000E-01
 0.18600E+01 0.63000E-01 0.00000E+00 0.23000E+00 0.40376E-01 0.44721E-01 0.18748E+00 0.18748E+00 0.00000E+00 0.00000E+00 0.10532E+01 4051   1/0.63000E-01
