    2   'Bg'   -0.968964    0.004105
    3   'Cg'   -0.558734    0.122074
    7   'Aprig'  -40.230526   18.939455
    8   'Bprig'   -0.402351    0.095764
    9   'Cprig'   40.929918    6.577842
   10   'Dprig'    7.664593    1.237962
   11   'Auv'    0.000000    0.000000
   12   'Buv'    0.000000    0.000000
   21   'Adv'    0.000000    0.000000
   22   'Bdv'    0.000000    0.000000
   41   'AUbar'    0.192587    0.022143
   42   'BDbar'   -0.296236    0.018611
   43   'CDbar'   -0.993561    0.000792
  101   'alphas'    0.118000    0.000000
  102   'fs'    0.400000    0.000000
  103   'fcharm'    0.000000    0.000000
