    2   'Bg'   -0.996757    0.072653
    3   'Cg'   -0.999945    0.000005
    7   'Aprig'    0.532952    0.053237
    8   'Bprig'   -0.998880    0.000493
    9   'Cprig'   -0.999801    0.000016
   10   'Dprig'   46.194845    3.819976
   11   'Auv'    0.000000    0.000000
   12   'Buv'    0.000000    0.000000
   21   'Adv'    0.000000    0.000000
   22   'Bdv'    0.000000    0.000000
   41   'AUbar'    0.746541    0.105410
   42   'BDbar'    0.642144    0.074461
   43   'CDbar'   -0.994368    0.004828
  101   'alphas'    0.118000    0.000000
  102   'fs'    0.400000    0.000000
  103   'fcharm'    0.000000    0.000000
