    2   'Bg'   -0.851762    1.935032
    3   'Cg'   -0.996816    0.004479
    7   'Aprig'    1.189557    1.953262
    8   'Bprig'   -0.724695    5.872061
    9   'Cprig'   -0.988099    0.017029
   10   'Dprig'   27.460452   39.895665
   11   'Auv'    0.000000    0.000000
   12   'Buv'    0.000000    0.000000
   21   'Adv'    0.000000    0.000000
   22   'Bdv'    0.000000    0.000000
   41   'AUbar'    0.755802    0.773540
   42   'BDbar'    1.443940    8.344787
   43   'CDbar'    9.522464  550.071446
  101   'alphas'    0.118000    0.000000
  102   'fs'    0.400000    0.000000
  103   'fcharm'    0.000000    0.000000
