    2   'Bg'    0.100000    0.140060
    3   'Cg'    1.071112    0.198944
    7   'Aprig'    1.000000    0.175663
    8   'Bprig'   -0.844911    0.044143
    9   'Cprig'    0.367147   50.309903
   10   'Dprig'   25.000000    3.909544
   11   'Auv'    0.000000    0.000000
   12   'Buv'    0.000000    0.000000
   21   'Adv'    0.000000    0.000000
   22   'Bdv'    0.000000    0.000000
   41   'AUbar'    0.100000    0.210162
   42   'BDbar'    0.100000    3.045193
   43   'CDbar'   10.000000    8.743856
  101   'alphas'    0.118000    0.000000
  102   'fs'    0.400000    0.000000
  103   'fcharm'    0.000000    0.000000
