           1
        4041
 Starting scale only                                                             
Plot1@Experiment:StartingScaleOnly @ExtraLabel:#gamma#gamma #rightarrow X @XTitle: x @YTitle: F_{2}^{#gamma} @Title:Q^{2} = 5.2/5.3 @Xlog
 Q2          x           dummy          data      +- uncor     +- tot     th orig         th mod   therr+         therr-     pull    iset       iplot
 0.52000E+01 0.40000E+00 0.00000E+00 0.30000E+00 0.30699E+00 0.66000E+00 0.64906E-01 0.64906E-01 0.00000E+00 0.00000E+00 0.76580E+00 4041   1/0.40000E+00
 0.52000E+01 0.25000E+00 0.00000E+00 0.37000E+00 0.34448E+00 0.66000E+00 0.10080E+00 0.10080E+00 0.00000E+00 0.00000E+00 0.78147E+00 4041   1/0.25000E+00
 0.52000E+01 0.15000E+00 0.00000E+00 0.30000E+00 0.33715E+00 0.44000E+00 0.17614E+00 0.17614E+00 0.00000E+00 0.00000E+00 0.36736E+00 4041   1/0.15000E+00
 0.52000E+01 0.50000E-01 0.00000E+00 0.13000E+00 0.78567E+00 0.55000E+00 0.26528E+00 0.26528E+00 0.00000E+00 0.00000E+00 -.17218E+00 4041   1/0.50000E-01
 0.53000E+01 0.53500E-01 0.00000E+00 0.24500E+00 0.17364E+00 0.16500E+00 0.27133E+00 0.27133E+00 0.00000E+00 0.00000E+00 -.15164E+00 4041   1/0.53500E-01
 0.53000E+01 0.12300E+00 0.00000E+00 0.30700E+00 0.91230E-01 0.11000E+00 0.21117E+00 0.21117E+00 0.00000E+00 0.00000E+00 0.10505E+01 4041   1/0.12300E+00
 0.53000E+01 0.24650E+00 0.00000E+00 0.27700E+00 0.17440E+00 0.27500E+00 0.11141E+00 0.11141E+00 0.00000E+00 0.00000E+00 0.94949E+00 4041   1/0.24650E+00
 0.53000E+01 0.40450E+00 0.00000E+00 0.32900E+00 0.18915E+00 0.40700E+00 0.71061E-01 0.71061E-01 0.00000E+00 0.00000E+00 0.13637E+01 4041   1/0.40450E+00
 0.53000E+01 0.57000E+00 0.00000E+00 0.43900E+00 0.23638E+00 0.57200E+00 0.74974E-01 0.74974E-01 0.00000E+00 0.00000E+00 0.15400E+01 4041   1/0.57000E+00
