    2   'Bg'    0.100000    1.072032
    3   'Cg'    0.367193    1.542056
    7   'Aprig'    1.000000    1.511457
    8   'Bprig'   -0.597138    0.509602
    9   'Cprig'   25.000000 1820.141730
   10   'Dprig'   25.000000   24.432500
   11   'Auv'    0.000000    0.000000
   12   'Buv'    0.000000    0.000000
   21   'Adv'    0.000000    0.000000
   22   'Bdv'    0.000000    0.000000
   41   'AUbar'    0.100000    0.019844
   42   'BDbar'    0.100000    0.844822
   43   'CDbar'   -0.184770    2.141442
  101   'alphas'    0.118000    0.000000
  102   'fs'    0.400000    0.000000
  103   'fcharm'    0.000000    0.000000
