    2   'Bg'    0.887966    1.743387
    3   'Cg'   -0.840817    0.082134
    7   'Aprig'    0.877065    0.907237
    8   'Bprig'   -0.799447    0.150623
    9   'Cprig'    4.678198   29.798644
   10   'Dprig'   23.880050   10.488255
   11   'Auv'    0.000000    0.000000
   12   'Buv'    0.000000    0.000000
   21   'Adv'    0.000000    0.000000
   22   'Bdv'    0.000000    0.000000
   41   'AUbar'    0.237463    0.032019
   42   'BDbar'   -0.522129    0.119814
   43   'CDbar'   -0.951233    0.014821
  101   'alphas'    0.118000    0.000000
  102   'fs'    0.400000    0.000000
  103   'fcharm'    0.000000    0.000000
