           1
        4042
 Starting scale only                                                             
Plot1@Experiment:StartingScaleOnly @ExtraLabel:#gamma#gamma #rightarrow X @XTitle: x @YTitle: F_{2}^{#gamma} @Title:Q^{2} = 12.0/12.1 @Xlog
 Q2          x           dummy          data      +- uncor     +- tot     th orig         th mod   therr+         therr-     pull    iset       iplot
 0.12000E+02 0.40500E-01 0.00000E+00 0.21000E+00 0.43640E-01 0.91044E-01 0.36724E+00 0.52203E+00 0.00000E+00 0.00000E+00 -.71502E+01 4042   1/0.40500E-01
 0.12000E+02 0.14650E+00 0.00000E+00 0.41000E+00 0.33654E-01 0.83283E-01 0.23986E+00 0.28301E+00 0.00000E+00 0.00000E+00 0.37734E+01 4042   1/0.14650E+00
 0.12000E+02 0.32050E+00 0.00000E+00 0.45000E+00 0.36369E-01 0.89582E-01 0.19677E+00 0.22902E+00 0.00000E+00 0.00000E+00 0.60760E+01 4042   1/0.32050E+00
 0.12000E+02 0.63750E+00 0.00000E+00 0.45000E+00 0.69809E-01 0.18612E+00 0.14978E+00 0.19889E+00 0.00000E+00 0.00000E+00 0.35971E+01 4042   1/0.63750E+00
 0.12000E+02 0.23500E-01 0.00000E+00 0.24000E+00 0.46557E-01 0.78032E-01 0.47770E+00 0.62452E+00 0.00000E+00 0.00000E+00 -.82590E+01 4042   1/0.23500E-01
 0.12000E+02 0.81500E-01 0.00000E+00 0.41000E+00 0.45049E-01 0.12580E+00 0.27506E+00 0.35424E+00 0.00000E+00 0.00000E+00 0.12378E+01 4042   1/0.81500E-01
 0.12000E+02 0.23350E+00 0.00000E+00 0.46000E+00 0.12737E+00 0.22621E+00 0.21341E+00 0.27500E+00 0.00000E+00 0.00000E+00 0.14525E+01 4042   1/0.23350E+00
 0.12100E+02 0.17500E+00 0.00000E+00 0.38000E+00 0.88981E-02 0.43829E-01 0.24865E+00 0.27761E+00 0.00000E+00 0.00000E+00 0.11507E+02 4042   1/0.17500E+00
 0.12100E+02 0.42500E+00 0.00000E+00 0.43000E+00 0.10671E-01 0.37696E-01 0.40466E+00 0.43242E+00 0.00000E+00 0.00000E+00 -.22697E+00 4042   1/0.42500E+00
