    2   'Bg'   -1.008640    0.019575
    3   'Cg'   -5.024258    0.028064
    7   'Aprig' -498.658322    0.839712
    8   'Bprig'    1.051146    0.000573
    9   'Cprig'   26.906346    0.023212
   10   'Dprig'   42.168097    4.117454
   11   'Auv'    0.000000    0.000000
   12   'Buv'    0.000000    0.000000
   21   'Adv'    0.000000    0.000000
   22   'Bdv'    0.000000    0.000000
   41   'AUbar'    0.246751    0.000505
   42   'BDbar'   -0.287377    0.001131
   43   'CDbar'   45.275157    1.240320
  101   'alphas'    0.118000    0.000000
  102   'fs'    0.400000    0.000000
  103   'fcharm'    0.000000    0.000000
