           1
        4041
 Starting scale only                                                             
Plot1@Experiment:StartingScaleOnly @ExtraLabel:#gamma#gamma #rightarrow X @XTitle: x @YTitle: F_{2}^{#gamma} @Title:Q^{2} = 5.0/5.1 @Xlog
 Q2          x           dummy          data      +- uncor     +- tot     th orig         th mod   therr+         therr-     pull    iset       iplot
 0.50000E+01 0.75000E-02 0.00000E+00 0.30700E+00 0.20039E+00 0.23624E+00 0.23103E+00 0.24608E+00 0.00000E+00 0.00000E+00 0.30402E+00 4041   1/0.75000E-02
 0.50000E+01 0.15000E-01 0.00000E+00 0.28200E+00 0.14177E+00 0.15866E+00 0.23898E+00 0.25205E+00 0.00000E+00 0.00000E+00 0.21125E+00 4041   1/0.15000E-01
 0.50000E+01 0.30000E-01 0.00000E+00 0.26300E+00 0.11627E+00 0.12285E+00 0.24283E+00 0.25074E+00 0.00000E+00 0.00000E+00 0.10546E+00 4041   1/0.30000E-01
 0.50000E+01 0.50000E-01 0.00000E+00 0.27800E+00 0.13288E+00 0.14334E+00 0.24006E+00 0.24351E+00 0.00000E+00 0.00000E+00 0.25954E+00 4041   1/0.50000E-01
 0.50000E+01 0.80000E-01 0.00000E+00 0.27000E+00 0.12167E+00 0.13248E+00 0.22939E+00 0.23327E+00 0.00000E+00 0.00000E+00 0.30187E+00 4041   1/0.80000E-01
 0.50000E+01 0.15000E+00 0.00000E+00 0.25200E+00 0.10644E+00 0.12776E+00 0.19501E+00 0.20783E+00 0.00000E+00 0.00000E+00 0.41494E+00 4041   1/0.15000E+00
 0.51000E+01 0.43000E-01 0.00000E+00 0.33000E+00 0.19028E+00 0.23108E+00 0.24686E+00 0.26823E+00 0.00000E+00 0.00000E+00 0.32463E+00 4041   1/0.43000E-01
 0.51000E+01 0.13800E+00 0.00000E+00 0.29000E+00 0.27966E+00 0.33272E+00 0.20827E+00 0.22058E+00 0.00000E+00 0.00000E+00 0.24823E+00 4041   1/0.13800E+00
 0.51000E+01 0.11000E+00 0.00000E+00 0.22400E+00 0.37295E+00 0.37290E+00 0.22406E+00 0.22406E+00 0.00000E+00 0.00000E+00 -.15331E-03 4041   1/0.11000E+00
 0.51000E+01 0.27400E+00 0.00000E+00 0.37270E+00 0.36813E+00 0.62370E+00 0.12984E+00 0.12984E+00 0.00000E+00 0.00000E+00 0.65973E+00 4041   1/0.27400E+00
