    2   'Bg'   -0.040023    3.763199
    3   'Cg'   -0.238380    3.415503
    7   'Aprig'    0.662882   10.494313
    8   'Bprig'   -0.554973    1.959466
    9   'Cprig'   35.771835  709.026737
   10   'Dprig'   22.708702   72.197199
   11   'Auv'    0.000000    0.000000
   12   'Buv'    0.000000    0.000000
   21   'Adv'    0.000000    0.000000
   22   'Bdv'    0.000000    0.000000
   41   'AUbar'    0.150977    0.478686
   42   'BDbar'   -0.078517    0.930772
   43   'CDbar'  145.207283 2216.323809
  101   'alphas'    0.118000    0.000000
  102   'fs'    0.400000    0.000000
  103   'fcharm'    0.000000    0.000000
