    2   'Bg'   20.453051    9.100877
    3   'Cg'   -0.133935    0.456526
    7   'Aprig'    0.012683    0.002593
    8   'Bprig'   -0.997996    0.000410
    9   'Cprig'   16.969871  597.549641
   10   'Dprig'   48.385007   29.054219
   11   'Auv'    0.000000    0.000000
   12   'Buv'    0.000000    0.000000
   21   'Adv'    0.000000    0.000000
   22   'Bdv'    0.000000    0.000000
   41   'AUbar'    0.027863    0.005207
   42   'BDbar'   -0.983492    0.003944
   43   'CDbar'  154.27822313110.115795
  101   'alphas'    0.118000    0.000000
  102   'fs'    0.400000    0.000000
  103   'fcharm'    0.000000    0.000000
