    2   'Bg'    0.328472    2.079656
    3   'Cg'   -0.590788    0.692367
    7   'Aprig'    1.119308    2.534011
    8   'Bprig'   -0.497181    0.598370
    9   'Cprig'    5.077873   28.641904
   10   'Dprig'   26.498996   33.932266
   11   'Auv'    0.000000    0.000000
   12   'Buv'    0.000000    0.000000
   21   'Adv'    0.000000    0.000000
   22   'Bdv'    0.000000    0.000000
   41   'AUbar'    0.274647    0.441194
   42   'BDbar'   -0.023429    0.615164
   43   'CDbar'   29.964459  271.662035
  101   'alphas'    0.118000    0.000000
  102   'fs'    0.400000    0.000000
  103   'fcharm'    0.000000    0.000000
