    2   'Bg'   11.929923   99.589324
    3   'Cg'   -0.511901    2.288765
    7   'Aprig'   -1.273207    5.225076
    8   'Bprig'   -0.453363    1.089120
    9   'Cprig'    6.367036   53.797587
   10   'Dprig'   22.741254   94.688826
   11   'Auv'    0.000000    0.000000
   12   'Buv'    0.000000    0.000000
   21   'Adv'    0.000000    0.000000
   22   'Bdv'    0.000000    0.000000
   41   'AUbar'    0.945707    0.145574
   42   'BDbar'    0.112266    0.195142
   43   'CDbar'  161.24925658610.245532
  101   'alphas'    0.118000    0.000000
  102   'fs'    0.400000    0.000000
  103   'fcharm'    0.000000    0.000000
