    2   'Bg'    0.189475    8.379294
    3   'Cg'   -0.449170    3.474521
    7   'Aprig'    0.856878    3.003706
    8   'Bprig'   -0.782925    0.420219
    9   'Cprig'   34.812793  590.193929
   10   'Dprig'   22.267710   63.706794
   11   'Auv'    0.000000    0.000000
   12   'Buv'    0.000000    0.000000
   21   'Adv'    0.000000    0.000000
   22   'Bdv'    0.000000    0.000000
   41   'AUbar'    0.683014    6.780187
   42   'BDbar'    0.651552   27.750234
   43   'CDbar'   18.324577 3763.144592
  101   'alphas'    0.118000    0.000000
  102   'fs'    0.400000    0.000000
  103   'fcharm'    0.000000    0.000000
