    2   'Bg'    1.319365    0.095045
    3   'Cg'   -1.009565    0.021814
    7   'Aprig'    1.181212    0.111834
    8   'Bprig'   -0.940568    3.355141
    9   'Cprig'   36.684809    0.094437
   10   'Dprig'   24.818772    0.094444
   11   'Auv'    0.000000    0.000000
   12   'Buv'    0.000000    0.000000
   21   'Adv'    0.000000    0.000000
   22   'Bdv'    0.000000    0.000000
   41   'AUbar'    0.854455    0.004625
   42   'BDbar'    0.179223    0.002385
   43   'CDbar'  167.621014    0.094405
  101   'alphas'    0.118000    0.000000
  102   'fs'    0.400000    0.000000
  103   'fcharm'    0.000000    0.000000
