    2   'Bg'   -2.154961    1.026179
    3   'Cg'   11.028515    1.414236
    7   'Aprig'   -0.767136    1.414236
    8   'Bprig'   -0.196446    1.414335
    9   'Cprig'   13.637462    1.414211
   10   'Dprig'  -17.876162    1.414675
   11   'Auv'    0.000000    0.000000
   12   'Buv'    0.000000    0.000000
   21   'Adv'    0.000000    0.000000
   22   'Bdv'    0.000000    0.000000
   41   'AUbar'    0.079930    0.018231
   42   'BDbar'   -0.076389    0.056939
   43   'CDbar'    7.973298    1.409523
  101   'alphas'    0.118000    0.000000
  102   'fs'    0.400000    0.000000
  103   'fcharm'    0.000000    0.000000
