    2   'Bg'   21.555633    0.139901
    3   'Cg'   -3.052825    0.000903
    7   'Aprig'    0.416453    0.272345
    8   'Bprig'   -0.925528    0.147661
    9   'Cprig'   -3.783836    0.000609
   10   'Dprig'   27.611427    0.080919
   11   'Auv'    0.000000    0.000000
   12   'Buv'    0.000000    0.000000
   21   'Adv'    0.000000    0.000000
   22   'Bdv'    0.000000    0.000000
   41   'AUbar'   -0.932169    1.078197
   42   'BDbar'   -0.918935    0.272775
   43   'CDbar'    1.321613   12.560484
  101   'alphas'    0.118000    0.000000
  102   'fs'    0.400000    0.000000
  103   'fcharm'    0.000000    0.000000
