           1
        4041
 Starting scale only                                                             
Plot1@Experiment:StartingScaleOnly @ExtraLabel:#gamma#gamma #rightarrow X @XTitle: x @YTitle: F_{2}^{#gamma} @Title:Q^{2} = 73.0 @Xlog
 Q2          x           dummy          data      +- uncor     +- tot     th orig         th mod   therr+         therr-     pull    iset       iplot
 0.73000E+02 0.25000E+00 0.00000E+00 0.65000E+00 0.86862E-01 0.12225E+00 0.63330E+00 0.61882E+00 0.00000E+00 0.00000E+00 0.35891E+00 4041   1/0.25000E+00
 0.73000E+02 0.50000E+00 0.00000E+00 0.60000E+00 0.18132E+00 0.18104E+00 0.63685E+00 0.62897E+00 0.00000E+00 0.00000E+00 -.15975E+00 4041   1/0.50000E+00
 0.73000E+02 0.75000E+00 0.00000E+00 0.65000E+00 0.11997E+00 0.16565E+00 0.63894E+00 0.61946E+00 0.00000E+00 0.00000E+00 0.25453E+00 4041   1/0.75000E+00
 0.73000E+02 0.25000E+00 0.00000E+00 0.37000E+00 0.21587E+00 0.21731E+00 0.63330E+00 0.59092E+00 0.00000E+00 0.00000E+00 -.10234E+01 4041   1/0.25000E+00
 0.73000E+02 0.50000E+00 0.00000E+00 0.53000E+00 0.36174E+00 0.34453E+00 0.63685E+00 0.61602E+00 0.00000E+00 0.00000E+00 -.23781E+00 4041   1/0.50000E+00
 0.73000E+02 0.75000E+00 0.00000E+00 0.62000E+00 0.31267E+00 0.34506E+00 0.63894E+00 0.61087E+00 0.00000E+00 0.00000E+00 0.29210E-01 4041   1/0.75000E+00
 0.73000E+02 0.25000E+00 0.00000E+00 0.68000E+00 0.15923E+00 0.20839E+00 0.63330E+00 0.61254E+00 0.00000E+00 0.00000E+00 0.42363E+00 4041   1/0.25000E+00
 0.73000E+02 0.50000E+00 0.00000E+00 0.86000E+00 0.28398E+00 0.34073E+00 0.63685E+00 0.62585E+00 0.00000E+00 0.00000E+00 0.82454E+00 4041   1/0.50000E+00
