    2   'Bg'   -1.022700    1.414213
    3   'Cg'   -0.887988    0.122701
    7   'Aprig'    0.464763    1.414212
    8   'Bprig'   -0.851047    1.413983
    9   'Cprig'   39.359767    0.000000
   10   'Dprig'   18.651444    1.414212
   11   'Auv'    0.000000    0.000000
   12   'Buv'    0.000000    0.000000
   21   'Adv'    0.000000    0.000000
   22   'Bdv'    0.000000    0.000000
   41   'AUbar'    1.200436    0.260317
   42   'BDbar'    0.008077    0.180438
   43   'CDbar'   57.338128    1.414212
  101   'alphas'    0.118000    0.000000
  102   'fs'    0.400000    0.000000
  103   'fcharm'    0.000000    0.000000
